4.000 4.120 4.240 4.360 4.480 4.600 4.720 4.840 4.960 5.080 5.200 5.320 5.440 5.560 5.680 5.800 5.920 6.040 6.160 6.280 6.400 6.520 6.640 6.760 6.880 7.000 7.120 7.240 7.360 7.480 7.600 7.720 7.840 7.960 8.080 8.200 8.320 8.440 8.560 8.680 8.800 8.920 9.040 9.160 9.280 9.400 9.520 9.640 9.760 9.880 10.000
3.880 4.000 4.120 4.240 4.360 4.480 4.600 4.720 4.840 4.960 5.080 5.200 5.320 5.440 5.560 5.680 5.800 5.920 6.040 6.160 6.280 6.400 6.520 6.640 6.760 6.880 7.000 7.120 7.240 7.360 7.480 7.600 7.720 7.840 7.960 8.080 8.200 8.320 8.440 8.560 8.680 8.800 8.920 9.040 9.160 9.280 9.400 9.520 9.640 9.760 9.880
3.760 3.880 4.000 4.120 4.240 4.360 4.480 4.600 4.720 4.840 4.960 5.080 5.200 5.320 5.440 5.560 5.680 5.800 5.920 6.040 6.160 6.280 6.400 6.520 6.640 6.760 6.880 7.000 7.120 7.240 7.360 7.480 7.600 7.720 7.840 7.960 8.080 8.200 8.320 8.440 8.560 8.680 8.800 8.920 9.040 9.160 9.280 9.400 9.520 9.640 9.760
3.640 3.760 3.880 4.000 4.120 4.240 4.360 4.480 4.600 4.720 4.840 4.960 5.080 5.200 5.320 5.440 5.560 5.680 5.800 5.920 6.040 6.160 6.280 6.400 6.520 6.640 6.760 6.880 7.000 7.120 7.240 7.360 7.480 7.600 7.720 7.840 7.960 8.080 8.200 8.320 8.440 8.560 8.680 8.800 8.920 9.040 9.160 9.280 9.400 9.520 9.640
3.520 3.640 3.760 3.880 4.000 4.120 4.240 4.360 4.480 4.600 4.720 4.840 4.960 5.080 5.200 5.320 5.440 5.560 5.680 5.800 5.920 6.040 6.160 6.280 6.400 6.520 6.640 6.760 6.880 7.000 7.120 7.240 7.360 7.480 7.600 7.720 7.840 7.960 8.080 8.200 8.320 8.440 8.560 8.680 8.800 8.920 9.040 9.160 9.280 9.400 9.520
3.400 3.520 3.640 3.760 3.880 4.000 4.120 4.240 4.360 4.480 4.600 4.720 4.840 4.960 5.021 4.509 5.189 5.440 5.560 5.680 5.800 5.920 6.040 6.160 6.280 6.400 6.520 6.640 6.760 6.880 7.000 7.120 7.240 7.360 7.480 7.600 7.720 7.840 7.960 8.080 8.200 8.320 8.440 8.560 8.680 8.800 8.920 9.040 9.160 9.280 9.400
3.280 3.400 3.520 3.640 3.760 3.880 4.000 4.120 4.240 4.360 4.480 4.600 4.720 4.840 4.341 3.491 4.099 4.779 5.440 5.560 5.680 5.800 5.920 6.040 6.160 6.280 6.400 6.520 6.640 6.760 6.880 7.000 7.120 7.240 7.360 7.480 7.600 7.720 7.840 7.960 8.080 8.200 8.320 8.440 8.560 8.680 8.800 8.920 9.040 9.160 9.280
3.160 3.280 3.400 3.520 3.640 3.760 3.880 4.000 4.120 4.240 4.360 4.480 4.600 4.511 3.661 2.811 3.009 3.689 4.369 5.049 5.560 5.680 5.800 5.920 6.040 6.160 6.280 6.400 6.520 6.640 6.760 6.880 7.000 7.120 7.240 7.360 7.480 7.600 7.720 7.840 7.960 8.080 8.200 8.320 8.440 8.560 8.680 8.800 8.920 9.040 9.160
3.040 3.160 3.280 3.400 3.520 3.640 3.760 3.880 4.000 4.120 4.240 4.360 4.480 3.831 2.981 2.131 1.919 2.599 3.279 3.959 4.639 5.319 5.680 5.800 5.920 6.040 6.160 6.280 6.400 6.520 6.640 6.760 6.880 7.000 7.120 7.240 7.360 7.480 7.600 7.720 7.840 7.960 8.080 8.200 8.320 8.440 8.560 8.680 8.800 8.920 9.040
2.920 3.040 3.160 3.280 3.400 3.520 3.640 3.760 3.880 4.000 4.120 4.240 4.001 3.151 2.301 1.451 0.829 1.509 2.189 2.869 3.549 4.229 4.909 5.589 5.800 5.920 6.040 6.160 6.280 6.400 6.520 6.640 6.760 6.880 7.000 7.120 7.240 7.360 7.480 7.600 7.720 7.840 7.960 8.080 8.200 8.320 8.440 8.560 8.680 8.800 8.920
2.800 2.920 3.040 3.160 3.280 3.400 3.520 3.640 3.760 3.880 4.000 4.120 3.321 2.471 1.621 0.771 -0.079 0.419 1.099 1.779 2.459 3.139 3.819 4.499 5.179 5.800 5.920 6.040 6.160 6.280 6.400 6.520 6.640 6.760 6.880 7.000 7.120 7.240 7.360 7.480 7.600 7.720 7.840 7.960 8.080 8.200 8.320 8.440 8.560 8.680 8.800
2.680 2.800 2.920 3.040 3.160 3.280 3.400 3.520 3.640 3.760 3.880 3.491 2.641 1.791 0.941 0.091 -0.400 -0.280 0.009 0.689 1.369 2.049 2.729 3.409 4.089 4.769 5.800 5.920 6.040 6.160 6.280 6.400 6.520 6.640 6.760 6.880 7.000 7.120 7.240 7.360 7.480 7.600 7.720 7.840 7.960 8.080 8.200 8.320 8.440 8.560 8.680
2.560 2.680 2.800 2.920 3.040 3.160 3.280 3.400 3.520 3.640 3.661 2.811 2.161 1.721 1.281 0.841 0.401 -0.039 -0.280 -0.160 0.279 0.959 1.938 3.028 4.118 5.208 5.680 5.800 5.920 6.040 6.160 6.280 6.400 6.520 6.640 6.760 6.880 7.000 7.120 7.240 7.360 7.480 7.600 7.720 7.840 7.960 8.080 8.200 8.320 8.440 8.560
2.440 2.560 2.680 2.800 2.920 3.040 3.160 3.280 3.400 3.520 3.640 3.451 3.011 2.571 2.131 1.691 1.251 0.811 0.371 -0.069 0.198 1.288 2.378 3.468 4.558 5.440 5.560 5.680 5.800 5.920 6.040 6.160 6.280 6.400 6.520 6.640 6.760 6.880 7.000 7.120 7.240 7.360 7.480 7.600 7.720 7.840 7.960 8.080 8.200 8.320 8.440
2.320 2.440 2.560 2.680 2.800 2.920 3.040 3.160 3.280 3.400 3.520 3.640 3.760 3.421 2.981 2.541 2.101 1.661 1.221 0.781 0.638 1.728 2.818 3.908 4.998 5.320 5.440 5.560 5.680 5.800 5.920 6.040 6.160 6.280 6.400 6.520 6.640 6.760 6.880 7.000 7.120 7.240 7.360 7.480 7.600 7.720 7.840 7.960 8.080 8.200 8.320
2.200 2.320 2.440 2.560 2.680 2.800 2.920 3.040 3.160 3.280 3.400 3.520 3.640 3.760 3.831 3.391 2.951 2.511 2.071 1.631 1.191 2.168 3.258 4.348 5.080 5.200 5.320 5.440 5.173 5.680 5.800 5.920 6.040 6.160 6.280 6.400 6.520 6.640 6.760 6.880 7.000 7.120 7.240 7.360 7.480 7.600 7.720 7.840 7.960 8.080 8.200
2.080 2.200 2.320 2.440 2.560 2.680 2.800 2.920 3.040 3.160 3.280 3.400 3.520 3.640 3.760 3.880 3.801 3.361 2.921 2.481 2.041 2.608 3.698 4.788 4.960 5.080 5.200 4.874 4.262 5.173 5.680 5.800 5.920 6.040 6.160 6.280 6.400 6.520 6.640 6.760 6.880 7.000 7.120 7.240 7.360 7.480 7.600 7.720 7.840 7.960 8.080
1.960 2.080 2.200 2.320 2.440 2.560 2.680 2.800 2.920 3.040 3.160 3.280 3.400 3.520 3.640 3.760 3.880 4.000 3.771 3.331 2.891 3.048 4.138 4.720 4.840 4.960 4.634 3.962 3.350 4.262 5.173 5.680 5.800 5.920 6.040 6.160 6.280 6.400 6.520 6.640 6.760 6.880 7.000 7.120 7.240 7.360 7.480 7.600 7.720 7.840 7.960
1.840 1.960 2.080 2.200 2.320 2.440 2.560 2.680 2.800 2.920 3.040 3.160 3.280 3.400 3.520 3.640 3.760 3.880 4.000 4.120 3.741 3.488 4.480 4.600 4.720 4.394 3.722 3.050 2.438 3.350 4.262 5.173 5.680 5.800 5.920 6.040 6.160 6.280 6.400 6.520 6.640 6.760 6.880 7.000 7.120 7.240 7.360 7.480 7.600 7.720 7.840
1.720 1.840 1.960 2.080 2.200 2.320 2.440 2.560 2.680 2.800 2.920 3.040 3.160 3.280 3.400 3.520 3.640 3.760 3.880 4.000 4.120 4.151 4.360 4.480 4.154 3.482 2.810 2.138 1.526 2.438 3.350 4.262 5.173 5.680 5.800 5.920 6.040 6.160 6.280 6.400 6.520 6.640 6.760 6.880 7.000 7.120 7.240 7.360 7.480 7.600 7.720
1.600 1.720 1.840 1.960 2.080 2.200 2.320 2.440 2.560 2.680 2.800 2.920 3.040 3.160 3.280 3.400 3.520 3.640 3.760 3.880 4.000 4.120 4.240 3.914 3.242 2.570 1.898 1.226 0.614 1.526 2.438 3.350 4.262 5.173 5.680 5.800 5.920 6.040 6.160 6.280 6.400 6.520 6.640 6.760 6.880 7.000 7.120 7.240 7.360 7.480 7.600
1.480 1.600 1.720 1.840 1.960 2.080 2.200 2.320 2.440 2.560 2.680 2.800 2.920 3.040 3.160 3.280 3.400 3.520 3.640 3.760 3.880 4.000 3.674 3.002 2.330 1.658 0.986 0.314 -0.298 0.614 1.526 2.438 3.350 4.262 5.173 5.680 5.800 5.920 6.040 6.160 6.280 6.400 6.520 6.640 6.760 6.880 7.000 7.120 7.240 7.360 7.480
1.360 1.480 1.600 1.720 1.840 1.960 2.080 2.200 2.320 2.440 2.560 2.680 2.800 2.920 3.040 3.160 3.280 3.400 3.520 3.640 3.760 3.434 2.762 2.090 1.418 0.746 0.074 -0.598 -1.210 -0.298 0.614 1.526 2.438 3.350 4.262 5.173 5.680 5.800 5.920 6.040 6.160 6.280 6.400 6.520 6.640 6.760 6.880 7.000 7.120 7.240 7.360
1.240 1.360 1.480 1.600 1.720 1.840 1.960 2.080 2.200 2.320 2.440 2.560 2.680 2.800 2.920 3.040 3.160 3.280 3.400 3.520 3.194 2.522 1.850 1.178 0.506 -0.166 -0.838 -1.510 -2.122 -1.210 -0.298 0.614 1.526 2.438 3.350 4.262 5.173 5.680 5.800 5.920 6.040 6.160 6.280 6.400 6.520 6.640 6.760 6.880 7.000 7.120 7.240
1.120 1.240 1.360 1.480 1.600 1.720 1.840 1.960 2.080 2.200 2.320 2.440 2.560 2.680 2.800 2.920 3.040 3.160 3.280 3.042 2.370 1.698 1.026 0.354 -0.318 -0.990 -1.662 -2.334 -2.520 -2.122 -1.210 -0.298 0.614 1.526 2.438 3.350 4.262 5.173 5.680 5.800 5.920 6.040 6.160 6.280 6.400 6.520 6.640 6.760 6.880 7.000 7.120
1.000 1.120 1.240 1.360 1.480 1.600 1.720 1.840 1.960 2.080 2.200 2.320 2.440 2.560 2.680 2.800 2.920 3.040 3.160 3.280 3.042 2.370 1.698 1.026 0.354 -0.318 -0.990 -1.662 -2.334 -2.520 -2.122 -1.210 -0.298 0.614 1.526 2.438 3.350 4.262 5.173 5.680 5.800 5.920 6.040 6.160 6.280 6.400 6.520 6.640 6.760 6.880 7.000
0.880 1.000 1.120 1.240 1.360 1.480 1.600 1.720 1.840 1.960 2.080 2.200 2.320 2.440 2.560 2.680 2.800 2.920 3.040 3.160 3.280 3.042 2.370 1.698 1.026 0.354 -0.318 -0.990 -1.662 -2.334 -2.520 -2.122 -1.210 -0.298 0.614 1.526 2.438 3.350 4.262 5.173 5.680 5.800 5.920 6.040 6.160 6.280 6.400 6.520 6.640 6.760 6.880
0.760 0.880 1.000 1.120 1.240 1.360 1.480 1.600 1.720 1.840 1.960 2.080 2.200 2.320 2.440 2.560 2.680 2.800 2.920 3.040 3.160 3.280 3.042 2.370 1.698 1.026 0.354 -0.318 -0.990 -1.662 -2.334 -2.520 -2.122 -1.210 -0.298 0.614 1.526 2.438 3.350 4.262 5.173 5.680 5.800 5.920 6.040 6.160 6.280 6.400 6.520 6.640 6.760
0.640 0.760 0.880 1.000 1.120 1.240 1.360 1.480 1.600 1.720 1.840 1.960 2.080 2.200 2.320 2.440 2.560 2.680 2.800 2.920 3.040 3.160 3.280 3.042 2.370 1.698 1.026 0.354 -0.318 -0.990 -1.662 -2.334 -2.520 -2.122 -1.210 -0.298 0.614 1.526 2.438 3.350 4.262 5.173 5.680 5.800 5.920 6.040 6.160 6.280 6.400 6.520 6.640
0.520 0.640 0.760 0.880 1.000 1.120 1.240 1.360 1.480 1.600 1.720 1.840 1.960 2.080 2.200 2.320 2.440 2.560 2.680 2.800 2.920 3.040 3.160 3.280 3.042 2.370 1.698 1.026 0.354 -0.318 -0.990 -1.662 -2.334 -2.520 -2.122 -1.210 -0.298 0.614 1.526 2.438 3.350 4.262 5.173 5.680 5.800 5.920 6.040 6.160 6.280 6.400 6.520
0.400 0.520 0.640 0.760 0.880 1.000 1.120 1.240 1.360 1.480 1.600 1.720 1.840 1.960 2.080 2.200 2.320 2.440 2.560 2.680 2.800 2.920 3.040 3.160 3.280 3.042 2.370 1.698 1.026 0.354 -0.318 -0.990 -1.662 -2.334 -2.443 -1.531 -0.619 0.293 1.205 2.117 3.029 3.941 4.853 5.560 5.680 5.800 5.920 6.040 6.160 6.280 6.400
0.280 0.400 0.520 0.640 0.760 0.880 1.000 1.120 1.240 1.360 1.480 1.600 1.720 1.840 1.960 2.080 2.200 2.320 2.440 2.560 2.680 2.800 2.920 3.040 3.160 3.280 3.042 2.370 1.698 1.026 0.354 -0.318 -0.990 -1.662 -1.771 -0.859 0.053 0.965 1.877 2.789 3.701 4.613 5.320 5.440 5.560 5.680 5.800 5.920 6.040 6.160 6.280
0.160 0.280 0.400 0.520 0.640 0.760 0.880 1.000 1.120 1.240 1.360 1.480 1.600 1.720 1.840 1.960 2.080 2.200 2.320 2.440 2.560 2.680 2.800 2.920 3.040 3.160 3.280 3.042 2.370 1.698 1.026 0.354 -0.318 -0.990 -1.099 -0.187 0.725 1.637 2.549 3.461 4.373 5.080 5.200 5.320 5.440 5.560 5.680 5.800 5.920 6.040 6.160
0.040 0.160 0.280 0.400 0.520 0.640 0.760 0.880 1.000 1.120 1.240 1.360 1.480 1.600 1.720 1.840 1.960 2.080 2.200 2.320 2.440 2.560 2.680 2.800 2.920 3.040 3.160 3.280 3.042 2.370 1.698 1.026 0.354 -0.318 -0.427 0.485 1.397 2.309 3.221 4.133 4.840 4.960 5.080 5.200 5.320 5.440 5.560 5.680 5.800 5.920 6.040
-0.080 0.040 0.160 0.280 0.400 0.520 0.640 0.760 0.880 1.000 1.120 1.240 1.360 1.480 1.600 1.720 1.840 1.960 2.080 2.200 2.320 2.440 2.560 2.680 2.800 2.920 3.040 3.160 3.280 3.042 2.370 1.698 1.026 0.354 0.245 1.157 2.069 2.981 3.893 4.600 4.720 4.840 4.960 5.080 5.200 5.320 5.440 5.560 5.680 5.800 5.920
-0.200 -0.080 0.040 0.160 0.280 0.400 0.520 0.640 0.760 0.880 1.000 1.120 1.240 1.360 1.480 1.600 1.720 1.840 1.960 2.080 2.200 2.320 2.440 2.560 2.680 2.800 2.920 3.040 3.160 3.280 3.042 2.370 1.698 1.026 0.917 1.829 2.741 3.653 4.360 4.480 4.600 4.720 4.840 4.960 5.080 5.200 5.320 5.440 5.560 5.680 5.800
-0.320 -0.200 -0.080 0.040 0.160 0.280 0.400 0.520 0.640 0.760 0.880 1.000 1.120 1.240 1.360 1.480 1.600 1.720 1.840 1.960 2.080 2.200 2.320 2.440 2.560 2.680 2.800 2.920 3.040 3.160 3.280 3.042 2.370 1.698 1.589 2.501 3.413 4.120 4.240 4.360 4.480 4.600 4.720 4.840 4.960 5.080 5.200 5.320 5.440 5.560 5.680
-0.440 -0.320 -0.200 -0.080 0.040 0.160 0.280 0.400 0.520 0.640 0.760 0.880 1.000 1.120 1.240 1.360 1.480 1.600 1.720 1.840 1.960 2.080 2.200 2.320 2.440 2.560 2.680 2.800 2.920 3.040 3.160 3.280 3.042 2.370 2.261 3.173 3.880 4.000 4.120 4.240 4.360 4.480 4.600 4.720 4.840 4.960 5.080 5.200 5.320 5.440 5.560
-0.560 -0.440 -0.320 -0.200 -0.080 0.040 0.160 0.280 0.400 0.520 0.640 0.760 0.880 1.000 1.120 1.240 1.360 1.480 1.600 1.720 1.840 1.960 2.080 2.200 2.320 2.440 2.560 2.680 2.800 2.920 3.040 3.160 3.280 3.042 2.933 3.640 3.760 3.880 4.000 4.120 4.240 4.360 4.480 4.600 4.720 4.840 4.960 5.080 5.200 5.320 5.440
-0.680 -0.560 -0.440 -0.320 -0.200 -0.080 0.040 0.160 0.280 0.400 0.520 0.640 0.760 0.880 1.000 1.120 1.240 1.360 1.480 1.600 1.720 1.840 1.960 2.080 2.200 2.320 2.440 2.560 2.680 2.800 2.920 3.040 3.160 3.280 3.400 3.520 3.640 3.760 3.880 4.000 4.120 4.240 4.360 4.480 4.600 4.720 4.840 4.960 5.080 5.200 5.320
-0.800 -0.680 -0.560 -0.440 -0.320 -0.200 -0.080 0.040 0.160 0.280 0.400 0.520 0.640 0.760 0.880 1.000 1.120 1.240 1.360 1.480 1.600 1.720 1.840 1.960 2.080 2.200 2.320 2.440 2.560 2.680 2.800 2.920 3.040 3.160 3.280 3.400 3.520 3.640 3.760 3.880 4.000 4.120 4.240 4.360 4.480 4.600 4.720 4.840 4.960 5.080 5.200
-0.920 -0.800 -0.680 -0.560 -0.440 -0.320 -0.200 -0.080 0.040 0.160 0.280 0.400 0.520 0.640 0.760 0.880 1.000 1.120 1.240 1.360 1.480 1.600 1.720 1.840 1.960 2.080 2.200 2.320 2.440 2.560 2.680 2.800 2.920 3.040 3.160 3.280 3.400 3.520 3.640 3.760 3.880 4.000 4.120 4.240 4.360 4.480 4.600 4.720 4.840 4.960 5.080
-1.040 -0.920 -0.800 -0.680 -0.560 -0.440 -0.320 -0.200 -0.080 0.040 0.160 0.280 0.400 0.520 0.640 0.760 0.880 1.000 1.120 1.240 1.360 1.480 1.600 1.720 1.840 1.960 2.080 2.200 2.320 2.440 2.560 2.680 2.800 2.920 3.040 3.160 3.280 3.400 3.520 3.640 3.760 3.880 4.000 4.120 4.240 4.360 4.480 4.600 4.720 4.840 4.960
-1.160 -1.040 -0.920 -0.800 -0.680 -0.560 -0.440 -0.320 -0.200 -0.080 0.040 0.160 0.280 0.400 0.520 0.640 0.760 0.880 1.000 1.120 1.240 1.360 1.480 1.600 1.720 1.840 1.960 2.080 2.200 2.320 2.440 2.560 2.680 2.800 2.920 3.040 3.160 3.280 3.400 3.520 3.640 3.760 3.880 4.000 4.120 4.240 4.360 4.480 4.600 4.720 4.840
-1.280 -1.160 -1.040 -0.920 -0.800 -0.680 -0.560 -0.440 -0.320 -0.200 -0.080 0.040 0.160 0.280 0.400 0.520 0.640 0.760 0.880 1.000 1.120 1.240 1.360 1.480 1.600 1.720 1.840 1.960 2.080 2.200 2.320 2.440 2.560 2.680 2.800 2.920 3.040 3.160 3.280 3.400 3.520 3.640 3.760 3.880 4.000 4.120 4.240 4.360 4.480 4.600 4.720
-1.400 -1.280 -1.160 -1.040 -0.920 -0.800 -0.680 -0.560 -0.440 -0.320 -0.200 -0.080 0.040 0.160 0.280 0.400 0.520 0.640 0.760 0.880 1.000 1.120 1.240 1.360 1.480 1.600 1.720 1.840 1.960 2.080 2.200 2.320 2.440 2.560 2.680 2.800 2.920 3.040 3.160 3.280 3.400 3.520 3.640 3.760 3.880 4.000 4.120 4.240 4.360 4.480 4.600
-1.520 -1.400 -1.280 -1.160 -1.040 -0.920 -0.800 -0.680 -0.560 -0.440 -0.320 -0.200 -0.080 0.040 0.160 0.280 0.400 0.520 0.640 0.760 0.880 1.000 1.120 1.240 1.360 1.480 1.600 1.720 1.840 1.960 2.080 2.200 2.320 2.440 2.560 2.680 2.800 2.920 3.040 3.160 3.280 3.400 3.520 3.640 3.760 3.880 4.000 4.120 4.240 4.360 4.480
-1.640 -1.520 -1.400 -1.280 -1.160 -1.040 -0.920 -0.800 -0.680 -0.560 -0.440 -0.320 -0.200 -0.080 0.040 0.160 0.280 0.400 0.520 0.640 0.760 0.880 1.000 1.120 1.240 1.360 1.480 1.600 1.720 1.840 1.960 2.080 2.200 2.320 2.440 2.560 2.680 2.800 2.920 3.040 3.160 3.280 3.400 3.520 3.640 3.760 3.880 4.000 4.120 4.240 4.360
-1.760 -1.640 -1.520 -1.400 -1.280 -1.160 -1.040 -0.920 -0.800 -0.680 -0.560 -0.440 -0.320 -0.200 -0.080 0.040 0.160 0.280 0.400 0.520 0.640 0.760 0.880 1.000 1.120 1.240 1.360 1.480 1.600 1.720 1.840 1.960 2.080 2.200 2.320 2.440 2.560 2.680 2.800 2.920 3.040 3.160 3.280 3.400 3.520 3.640 3.760 3.880 4.000 4.120 4.240
-1.880 -1.760 -1.640 -1.520 -1.400 -1.280 -1.160 -1.040 -0.920 -0.800 -0.680 -0.560 -0.440 -0.320 -0.200 -0.080 0.040 0.160 0.280 0.400 0.520 0.640 0.760 0.880 1.000 1.120 1.240 1.360 1.480 1.600 1.720 1.840 1.960 2.080 2.200 2.320 2.440 2.560 2.680 2.800 2.920 3.040 3.160 3.280 3.400 3.520 3.640 3.760 3.880 4.000 4.120
-2.000 -1.880 -1.760 -1.640 -1.520 -1.400 -1.280 -1.160 -1.040 -0.920 -0.800 -0.680 -0.560 -0.440 -0.320 -0.200 -0.080 0.040 0.160 0.280 0.400 0.520 0.640 0.760 0.880 1.000 1.120 1.240 1.360 1.480 1.600 1.720 1.840 1.960 2.080 2.200 2.320 2.440 2.560 2.680 2.800 2.920 3.040 3.160 3.280 3.400 3.520 3.640 3.760 3.880 4.000
